Sorted list in ascending order based on final assessment
2014656838 NURUL ADIRA FARHANA BINTI SHARIF 47.0 47.0 40.25 25.25 39.474999999999994
2014818036 MOHD NAZRIN BIN SHAMSUDIN 48.5 37.75 42.75 34.5 43.05
2014437742 NAZRUL HAZWAN BIN IDRUS 36.0 46.75 37.75 37.75 42.975
2014653854 NURUL SHAHIDA BINTI OSMAN 69.5 59.0 34.25 40.5 52.8
2014883398 MUHAMAD ALIF BIN MOHD RUZY 71.5 50.75 34.0 43.0 52.75
2014894088 NABILA BINTI NABLI 46.5 53.5 31.25 46.5 49.5
2014490372 MOHD AIMAN BIN MOHD NOOR 50.5 51.5 42.5 46.75 52.275
2014854938 NURUL SHAHIRA BINTI NIK HAYAZI 57.75 46.5 44.75 46.75 53.175
2014866508 NURSYAMIM HIDAYAH BINTI MAHYUDDIN 57.5 43.0 41.0 47.0 51.8
2014483894 MUHAMAD HUSAINI BIN ZAINOL 61.5 46.5 44.0 47.0 53.900000000000006
2014205196 NABILAH NASUHA BINTI AZMY 48.0 60.5 38.75 50.75 54.824999999999996
2014810988 NUR SYAFIQAH BINTI MAHAMUD 70.0 34.5 29.25 51.5 52.5
2014203482 ASYRAF BIN SHAHRELNIZAM 55.75 40.5 29.75 53.5 51.95
2014691246 AMANINA NATASHA BINTI AHMAD NIZAL 50.0 46.75 32.5 56.25 53.975
2014244732 MUHAMMAD AIZUDDIN BIN ABU SEMAN 52.0 56.25 27.75 59.0 56.7
2014608812 MOHAMMAD NAIM ASYRAFF BIN ISHAK 61.5 47.0 44.25 60.5 60.8
2014613398 KU MUHAMMAD IZAIRIE BIN KU SABAHI 66.5 25.25 45.25 60.5 57.650000000000006
Sorted list in descending order based on total marks
2014608812 MOHAMMAD NAIM ASYRAFF BIN ISHAK 61.5 47.0 44.25 60.5 60.8
2014613398 KU MUHAMMAD IZAIRIE BIN KU SABAHI 66.5 25.25 45.25 60.5 57.650000000000006
2014244732 MUHAMMAD AIZUDDIN BIN ABU SEMAN 52.0 56.25 27.75 59.0 56.7
2014205196 NABILAH NASUHA BINTI AZMY 48.0 60.5 38.75 50.75 54.824999999999996
2014691246 AMANINA NATASHA BINTI AHMAD NIZAL 50.0 46.75 32.5 56.25 53.975
2014483894 MUHAMAD HUSAINI BIN ZAINOL 61.5 46.5 44.0 47.0 53.900000000000006
2014854938 NURUL SHAHIRA BINTI NIK HAYAZI 57.75 46.5 44.75 46.75 53.175
2014653854 NURUL SHAHIDA BINTI OSMAN 69.5 59.0 34.25 40.5 52.8
2014883398 MUHAMAD ALIF BIN MOHD RUZY 71.5 50.75 34.0 43.0 52.75
2014810988 NUR SYAFIQAH BINTI MAHAMUD 70.0 34.5 29.25 51.5 52.5
2014490372 MOHD AIMAN BIN MOHD NOOR 50.5 51.5 42.5 46.75 52.275
2014203482 ASYRAF BIN SHAHRELNIZAM 55.75 40.5 29.75 53.5 51.95
2014866508 NURSYAMIM HIDAYAH BINTI MAHYUDDIN 57.5 43.0 41.0 47.0 51.8
2014894088 NABILA BINTI NABLI 46.5 53.5 31.25 46.5 49.5
2014818036 MOHD NAZRIN BIN SHAMSUDIN 48.5 37.75 42.75 34.5 43.05
2014437742 NAZRUL HAZWAN BIN IDRUS 36.0 46.75 37.75 37.75 42.975
2014656838 NURUL ADIRA FARHANA BINTI SHARIF 47.0 47.0 40.25 25.25 39.474999999999994
